MongoDB Encoding Issues Investigation
============================================================

Total images investigated: 50

Missing face_encodings68:
  350357
  17237553
  17506901
  18049611
  18113076
  18135488
  18206058
  18422784
  18925761
  18925782
  18994680
  19208337
  19209695
  19500350
  19531931
  19902371
  19949708
  20261143
  20687558
  21367667
  22178307
  22336026
  22362913
  22591502
  22833096
  22860722
  23043827
  23215434
  23623081
  23672471
  23837570
  24074087
  24348342
  25143904
  25959067
  26178718
  26199027
  27183878
  27445868
  27636334
  27636628
  27714508
  27894298
  28585245
  28604813
  29557071
  29579580
  29583585
  29587567
  29620174

Missing body_landmarks:
  350357
  17237553
  17506901
  18049611
  18113076
  18135488
  18206058
  18422784
  18925761
  18925782
  18994680
  19208337
  19209695
  19500350
  19531931
  19902371
  19949708
  20261143
  20687558
  21367667
  22178307
  22336026
  22362913
  22591502
  22833096
  22860722
  23043827
  23215434
  23623081
  23672471
  23837570
  24074087
  24348342
  25143904
  25959067
  26178718
  26199027
  27183878
  27445868
  27636334
  27636628
  27714508
  27894298
  28585245
  28604813
  29557071
  29579580
  29583585
  29587567
  29620174

MediaPipe protobuf format:

Dict format (new MediaPipe):

Corrupted/Error:
